"Active","ServerName","DatabaseName","FilePath","CreateSchema","ObjectType","SchemaAuth","SchemaName","ObjectName","ParentObjectName","DropTruncateIfExists","Variables","FileName"
"1","synapse-demo-amirskiy.sql.azuresynapse.net","Dixons","C:\APS2SQLDW\Output\3_FixSqlCode\RPT_DWH\Tables","1","Table","dbo","rpt","aj","","DROP","","dbo_aj.dsql"
"1","synapse-demo-amirskiy.sql.azuresynapse.net","Dixons","C:\APS2SQLDW\Output\3_FixSqlCode\RPT_DWH\Tables","1","Table","dbo","rpt","CSP_PDS_IL_STORE_GROUP","","DROP","","dbo_CSP_PDS_IL_STORE_GROUP.dsql"
"1","synapse-demo-amirskiy.sql.azuresynapse.net","Dixons","C:\APS2SQLDW\Output\3_FixSqlCode\RPT_DWH\Tables","1","Table","dbo","rpt","CURRENT_RETAIL_PRICE_PRIORITY_CSP_CHANNEL","","DROP","","dbo_CURRENT_RETAIL_PRICE_PRIORITY_CSP_CHANNEL.dsql"
"1","synapse-demo-amirskiy.sql.azuresynapse.net","Dixons","C:\APS2SQLDW\Output\3_FixSqlCode\RPT_DWH\Tables","1","Table","dbo","rpt","DIM_PROD","","DROP","","dbo_DIM_PROD.dsql"
"1","synapse-demo-amirskiy.sql.azuresynapse.net","Dixons","C:\APS2SQLDW\Output\3_FixSqlCode\RPT_DWH\Tables","1","Table","dbo","rpt","DIM_PRODUCT_RELATION_CURRENT","","DROP","","dbo_DIM_PRODUCT_RELATION_CURRENT.dsql"
"1","synapse-demo-amirskiy.sql.azuresynapse.net","Dixons","C:\APS2SQLDW\Output\3_FixSqlCode\RPT_DWH\Tables","1","Table","dbo","rpt","DIM_SUB_PLANNING_GROUP_FLAT_HISTORY","","DROP","","dbo_DIM_SUB_PLANNING_GROUP_FLAT_HISTORY.dsql"
"1","synapse-demo-amirskiy.sql.azuresynapse.net","Dixons","C:\APS2SQLDW\Output\3_FixSqlCode\RPT_DWH\Tables","1","Table","dbo","rpt","EMERCHANT_ARTICLE_PAYS","","DROP","","dbo_EMERCHANT_ARTICLE_PAYS.dsql"
"1","synapse-demo-amirskiy.sql.azuresynapse.net","Dixons","C:\APS2SQLDW\Output\3_FixSqlCode\RPT_DWH\Tables","1","Table","dbo","rpt","EMERCHANT_BUNDLE","","DROP","","dbo_EMERCHANT_BUNDLE.dsql"
"1","synapse-demo-amirskiy.sql.azuresynapse.net","Dixons","C:\APS2SQLDW\Output\3_FixSqlCode\RPT_DWH\Tables","1","Table","dbo","rpt","EMERCHANT_BUNDLE_COUNTRIES","","DROP","","dbo_EMERCHANT_BUNDLE_COUNTRIES.dsql"
"1","synapse-demo-amirskiy.sql.azuresynapse.net","Dixons","C:\APS2SQLDW\Output\3_FixSqlCode\RPT_DWH\Tables","1","Table","dbo","rpt","EMERCHANT_BUNDLE_SUBSTITUTIONS","","DROP","","dbo_EMERCHANT_BUNDLE_SUBSTITUTIONS.dsql"
"1","synapse-demo-amirskiy.sql.azuresynapse.net","Dixons","C:\APS2SQLDW\Output\3_FixSqlCode\RPT_DWH\Tables","1","Table","dbo","rpt","EMERCHANT_MV_DSG_REPORT","","DROP","","dbo_EMERCHANT_MV_DSG_REPORT.dsql"
"1","synapse-demo-amirskiy.sql.azuresynapse.net","Dixons","C:\APS2SQLDW\Output\3_FixSqlCode\RPT_DWH\Tables","1","Table","dbo","rpt","EMERCHANT_SITE","","DROP","","dbo_EMERCHANT_SITE.dsql"
"1","synapse-demo-amirskiy.sql.azuresynapse.net","Dixons","C:\APS2SQLDW\Output\3_FixSqlCode\RPT_DWH\Tables","1","Table","dbo","rpt","FACT_FORECASTED_SALES_WEEKLY_LAST_4","","DROP","","dbo_FACT_FORECASTED_SALES_WEEKLY_LAST_4.dsql"
"1","synapse-demo-amirskiy.sql.azuresynapse.net","Dixons","C:\APS2SQLDW\Output\3_FixSqlCode\RPT_DWH\Tables","1","Table","dbo","rpt","FACT_FORECASTED_SALES_WEEKLY_NEXT_26","","DROP","","dbo_FACT_FORECASTED_SALES_WEEKLY_NEXT_26.dsql"
"1","synapse-demo-amirskiy.sql.azuresynapse.net","Dixons","C:\APS2SQLDW\Output\3_FixSqlCode\RPT_DWH\Tables","1","Table","dbo","rpt","FACT_PRODUCT_CHAIN_METRIC","","DROP","","dbo_FACT_PRODUCT_CHAIN_METRIC.dsql"
"1","synapse-demo-amirskiy.sql.azuresynapse.net","Dixons","C:\APS2SQLDW\Output\3_FixSqlCode\RPT_DWH\Tables","1","Table","dbo","rpt","FACT_PRODUCT_CHAIN_METRIC_LAST_4_EOW_LAST_28TH_DAY","","DROP","","dbo_FACT_PRODUCT_CHAIN_METRIC_LAST_4_EOW_LAST_28TH_DAY.dsql"
"1","synapse-demo-amirskiy.sql.azuresynapse.net","Dixons","C:\APS2SQLDW\Output\3_FixSqlCode\RPT_DWH\Tables","1","Table","dbo","rpt","FACT_PRODUCT_CHAIN_METRIC_LAST_4_EOW_LAST_28TH_DAYold","","DROP","","dbo_FACT_PRODUCT_CHAIN_METRIC_LAST_4_EOW_LAST_28TH_DAYold.dsql"
"1","synapse-demo-amirskiy.sql.azuresynapse.net","Dixons","C:\APS2SQLDW\Output\3_FixSqlCode\RPT_DWH\Tables","1","Table","dbo","rpt","FACT_PRODUCT_METRIC_CURRENT","","DROP","","dbo_FACT_PRODUCT_METRIC_CURRENT.dsql"
"1","synapse-demo-amirskiy.sql.azuresynapse.net","Dixons","C:\APS2SQLDW\Output\3_FixSqlCode\RPT_DWH\Tables","1","Table","dbo","rpt","FACT_PROMO_PERIOD","","DROP","","dbo_FACT_PROMO_PERIOD.dsql"
"1","synapse-demo-amirskiy.sql.azuresynapse.net","Dixons","C:\APS2SQLDW\Output\3_FixSqlCode\RPT_DWH\Tables","1","Table","dbo","rpt","FACT_PURCHASE_BOOKING","","DROP","","dbo_FACT_PURCHASE_BOOKING.dsql"
"1","synapse-demo-amirskiy.sql.azuresynapse.net","Dixons","C:\APS2SQLDW\Output\3_FixSqlCode\RPT_DWH\Tables","1","Table","dbo","rpt","FACT_PURCHASE_DELIVERY","","DROP","","dbo_FACT_PURCHASE_DELIVERY.dsql"
"1","synapse-demo-amirskiy.sql.azuresynapse.net","Dixons","C:\APS2SQLDW\Output\3_FixSqlCode\RPT_DWH\Tables","1","Table","dbo","rpt","FACT_PURCHASE_ORDER","","DROP","","dbo_FACT_PURCHASE_ORDER.dsql"
"1","synapse-demo-amirskiy.sql.azuresynapse.net","Dixons","C:\APS2SQLDW\Output\3_FixSqlCode\RPT_DWH\Tables","1","Table","dbo","rpt","fact_purchase_order_backup20200323","","DROP","","dbo_fact_purchase_order_backup20200323.dsql"
"1","synapse-demo-amirskiy.sql.azuresynapse.net","Dixons","C:\APS2SQLDW\Output\3_FixSqlCode\RPT_DWH\Tables","1","Table","dbo","rpt","fact_queue_hourly_snapshot","","DROP","","dbo_fact_queue_hourly_snapshot.dsql"
"1","synapse-demo-amirskiy.sql.azuresynapse.net","Dixons","C:\APS2SQLDW\Output\3_FixSqlCode\RPT_DWH\Tables","1","Table","dbo","rpt","MAINFRAME_BAR_CD_FMT","","DROP","","dbo_MAINFRAME_BAR_CD_FMT.dsql"
"1","synapse-demo-amirskiy.sql.azuresynapse.net","Dixons","C:\APS2SQLDW\Output\3_FixSqlCode\RPT_DWH\Tables","1","Table","dbo","rpt","MAINFRAME_BPG_PROD","","DROP","","dbo_MAINFRAME_BPG_PROD.dsql"
"1","synapse-demo-amirskiy.sql.azuresynapse.net","Dixons","C:\APS2SQLDW\Output\3_FixSqlCode\RPT_DWH\Tables","1","Table","dbo","rpt","MAINFRAME_BPG_PROD_MSG","","DROP","","dbo_MAINFRAME_BPG_PROD_MSG.dsql"
"1","synapse-demo-amirskiy.sql.azuresynapse.net","Dixons","C:\APS2SQLDW\Output\3_FixSqlCode\RPT_DWH\Tables","1","Table","dbo","rpt","MAINFRAME_BPG_PROD_PRC","","DROP","","dbo_MAINFRAME_BPG_PROD_PRC.dsql"
"1","synapse-demo-amirskiy.sql.azuresynapse.net","Dixons","C:\APS2SQLDW\Output\3_FixSqlCode\RPT_DWH\Tables","1","Table","dbo","rpt","MAINFRAME_BSNU_VAT","","DROP","","dbo_MAINFRAME_BSNU_VAT.dsql"
"1","synapse-demo-amirskiy.sql.azuresynapse.net","Dixons","C:\APS2SQLDW\Output\3_FixSqlCode\RPT_DWH\Tables","1","Table","dbo","rpt","MAINFRAME_PROD_BAR_CD","","DROP","","dbo_MAINFRAME_PROD_BAR_CD.dsql"
"1","synapse-demo-amirskiy.sql.azuresynapse.net","Dixons","C:\APS2SQLDW\Output\3_FixSqlCode\RPT_DWH\Tables","1","Table","dbo","rpt","MAINFRAME_PROD_DTL","","DROP","","dbo_MAINFRAME_PROD_DTL.dsql"
"1","synapse-demo-amirskiy.sql.azuresynapse.net","Dixons","C:\APS2SQLDW\Output\3_FixSqlCode\RPT_DWH\Tables","1","Table","dbo","rpt","MAINFRAME_PROMOTION","","DROP","","dbo_MAINFRAME_PROMOTION.dsql"
"1","synapse-demo-amirskiy.sql.azuresynapse.net","Dixons","C:\APS2SQLDW\Output\3_FixSqlCode\RPT_DWH\Tables","1","Table","dbo","rpt","MAINFRAME_PROM_PROD","","DROP","","dbo_MAINFRAME_PROM_PROD.dsql"
"1","synapse-demo-amirskiy.sql.azuresynapse.net","Dixons","C:\APS2SQLDW\Output\3_FixSqlCode\RPT_DWH\Tables","1","Table","dbo","rpt","MAINFRAME_RPT_PAR","","DROP","","dbo_MAINFRAME_RPT_PAR.dsql"
"1","synapse-demo-amirskiy.sql.azuresynapse.net","Dixons","C:\APS2SQLDW\Output\3_FixSqlCode\RPT_DWH\Tables","1","Table","dbo","rpt","MDS_CSP_LST_BUCKET_REPORT4_MA_EXCLUDE","","DROP","","dbo_MDS_CSP_LST_BUCKET_REPORT4_MA_EXCLUDE.dsql"
"1","synapse-demo-amirskiy.sql.azuresynapse.net","Dixons","C:\APS2SQLDW\Output\3_FixSqlCode\RPT_DWH\Tables","1","Table","dbo","rpt","MDS_CSP_LST_BUCKET_REPORT4_PG_EXCLUDE","","DROP","","dbo_MDS_CSP_LST_BUCKET_REPORT4_PG_EXCLUDE.dsql"
"1","synapse-demo-amirskiy.sql.azuresynapse.net","Dixons","C:\APS2SQLDW\Output\3_FixSqlCode\RPT_DWH\Tables","1","Table","dbo","rpt","MDS_CSP_LST_BUCKET_REPORT4_SUPPLIER_EXCLUDE","","DROP","","dbo_MDS_CSP_LST_BUCKET_REPORT4_SUPPLIER_EXCLUDE.dsql"
"1","synapse-demo-amirskiy.sql.azuresynapse.net","Dixons","C:\APS2SQLDW\Output\3_FixSqlCode\RPT_DWH\Tables","1","Table","dbo","rpt","MDS_GEN_MAPS_CHAIN_BRANCH_PRICE_GROUP","","DROP","","dbo_MDS_GEN_MAPS_CHAIN_BRANCH_PRICE_GROUP.dsql"
"1","synapse-demo-amirskiy.sql.azuresynapse.net","Dixons","C:\APS2SQLDW\Output\3_FixSqlCode\RPT_DWH\Tables","1","Table","dbo","rpt","MDS_PRO_LST_TV_DEALS","","DROP","","dbo_MDS_PRO_LST_TV_DEALS.dsql"
"1","synapse-demo-amirskiy.sql.azuresynapse.net","Dixons","C:\APS2SQLDW\Output\3_FixSqlCode\RPT_DWH\Tables","1","Table","dbo","rpt","MDS_SAL_LST_SALE_READINESS_PERIOD","","DROP","","dbo_MDS_SAL_LST_SALE_READINESS_PERIOD.dsql"
"1","synapse-demo-amirskiy.sql.azuresynapse.net","Dixons","C:\APS2SQLDW\Output\3_FixSqlCode\RPT_DWH\Tables","1","Table","dbo","rpt","MDS_SEC_LST_PRODUCT_SECURITY","","DROP","","dbo_MDS_SEC_LST_PRODUCT_SECURITY.dsql"
"1","synapse-demo-amirskiy.sql.azuresynapse.net","Dixons","C:\APS2SQLDW\Output\3_FixSqlCode\RPT_DWH\Tables","1","Table","dbo","rpt","PROMO_PERIOD_FORECAST","","DROP","","dbo_PROMO_PERIOD_FORECAST.dsql"
"1","synapse-demo-amirskiy.sql.azuresynapse.net","Dixons","C:\APS2SQLDW\Output\3_FixSqlCode\RPT_DWH\Tables","1","Table","dbo","rpt","PROMO_PERIOD_LOWEST_RETAIL_PRICE","","DROP","","dbo_PROMO_PERIOD_LOWEST_RETAIL_PRICE.dsql"
"1","synapse-demo-amirskiy.sql.azuresynapse.net","Dixons","C:\APS2SQLDW\Output\3_FixSqlCode\RPT_DWH\Tables","1","Table","dbo","rpt","PROMO_PERIOD_OUTFIT_SALES_HISTORY","","DROP","","dbo_PROMO_PERIOD_OUTFIT_SALES_HISTORY.dsql"
"1","synapse-demo-amirskiy.sql.azuresynapse.net","Dixons","C:\APS2SQLDW\Output\3_FixSqlCode\RPT_DWH\Tables","1","Table","dbo","rpt","PROMO_PERIOD_RETAIL_PRICES","","DROP","","dbo_PROMO_PERIOD_RETAIL_PRICES.dsql"
"1","synapse-demo-amirskiy.sql.azuresynapse.net","Dixons","C:\APS2SQLDW\Output\3_FixSqlCode\RPT_DWH\Tables","1","Table","dbo","rpt","PROMO_PERIOD_SALES_HISTORY","","DROP","","dbo_PROMO_PERIOD_SALES_HISTORY.dsql"
"1","synapse-demo-amirskiy.sql.azuresynapse.net","Dixons","C:\APS2SQLDW\Output\3_FixSqlCode\RPT_DWH\Tables","1","Table","dbo","rpt","RMT_RANGE_CALENDAR","","DROP","","dbo_RMT_RANGE_CALENDAR.dsql"
"1","synapse-demo-amirskiy.sql.azuresynapse.net","Dixons","C:\APS2SQLDW\Output\3_FixSqlCode\RPT_DWH\Tables","1","Table","dbo","rpt","RMT_RANGE_PLAN","","DROP","","dbo_RMT_RANGE_PLAN.dsql"
"1","synapse-demo-amirskiy.sql.azuresynapse.net","Dixons","C:\APS2SQLDW\Output\3_FixSqlCode\RPT_DWH\Tables","1","Table","dbo","rpt","RMT_RANGE_PLAN_PRODUCT_DETAIL_BASE","","DROP","","dbo_RMT_RANGE_PLAN_PRODUCT_DETAIL_BASE.dsql"
"1","synapse-demo-amirskiy.sql.azuresynapse.net","Dixons","C:\APS2SQLDW\Output\3_FixSqlCode\RPT_DWH\Tables","1","Table","dbo","rpt","RPT_AP_STORE_REASSIGNMENT_CAT_HIERARCHY_OUT","","DROP","","dbo_RPT_AP_STORE_REASSIGNMENT_CAT_HIERARCHY_OUT.dsql"
"1","synapse-demo-amirskiy.sql.azuresynapse.net","Dixons","C:\APS2SQLDW\Output\3_FixSqlCode\RPT_DWH\Tables","1","Table","dbo","rpt","RPT_AP_STORE_REASSIGNMENT_REPORT_CHANNEL_HIERARCHY_OUT","","DROP","","dbo_RPT_AP_STORE_REASSIGNMENT_REPORT_CHANNEL_HIERARCHY_OUT.dsql"
"1","synapse-demo-amirskiy.sql.azuresynapse.net","Dixons","C:\APS2SQLDW\Output\3_FixSqlCode\RPT_DWH\Tables","1","Table","dbo","rpt","RPT_AP_VS_MAINFRAME_OUT","","DROP","","dbo_RPT_AP_VS_MAINFRAME_OUT.dsql"
"1","synapse-demo-amirskiy.sql.azuresynapse.net","Dixons","C:\APS2SQLDW\Output\3_FixSqlCode\RPT_DWH\Tables","1","Table","dbo","rpt","RPT_AVAILABILITY_HIERARCHY","","DROP","","dbo_RPT_AVAILABILITY_HIERARCHY.dsql"
"1","synapse-demo-amirskiy.sql.azuresynapse.net","Dixons","C:\APS2SQLDW\Output\3_FixSqlCode\RPT_DWH\Tables","1","Table","dbo","rpt","RPT_AVAILABILITY_HISTORY_OUT","","DROP","","dbo_RPT_AVAILABILITY_HISTORY_OUT.dsql"
"1","synapse-demo-amirskiy.sql.azuresynapse.net","Dixons","C:\APS2SQLDW\Output\3_FixSqlCode\RPT_DWH\Tables","1","Table","dbo","rpt","RPT_AVAILABILITY_HISTORY_OUT_old","","DROP","","dbo_RPT_AVAILABILITY_HISTORY_OUT_old.dsql"
"1","synapse-demo-amirskiy.sql.azuresynapse.net","Dixons","C:\APS2SQLDW\Output\3_FixSqlCode\RPT_DWH\Tables","1","Table","dbo","rpt","RPT_AVAILABILITY_OUT","","DROP","","dbo_RPT_AVAILABILITY_OUT.dsql"
"1","synapse-demo-amirskiy.sql.azuresynapse.net","Dixons","C:\APS2SQLDW\Output\3_FixSqlCode\RPT_DWH\Tables","1","Table","dbo","rpt","RPT_AVAILABILITY_REPORT_CAT_HIERARCHY_OUT","","DROP","","dbo_RPT_AVAILABILITY_REPORT_CAT_HIERARCHY_OUT.dsql"
"1","synapse-demo-amirskiy.sql.azuresynapse.net","Dixons","C:\APS2SQLDW\Output\3_FixSqlCode\RPT_DWH\Tables","1","Table","dbo","rpt","RPT_AVAILABILITY_REPORT_CHANNEL_HIERARCHY_OUT","","DROP","","dbo_RPT_AVAILABILITY_REPORT_CHANNEL_HIERARCHY_OUT.dsql"
"1","synapse-demo-amirskiy.sql.azuresynapse.net","Dixons","C:\APS2SQLDW\Output\3_FixSqlCode\RPT_DWH\Tables","1","Table","dbo","rpt","RPT_AVAILABILITY_REPORT_PROD_CLASS_HIERARCHY_OUT","","DROP","","dbo_RPT_AVAILABILITY_REPORT_PROD_CLASS_HIERARCHY_OUT.dsql"
"1","synapse-demo-amirskiy.sql.azuresynapse.net","Dixons","C:\APS2SQLDW\Output\3_FixSqlCode\RPT_DWH\Tables","1","Table","dbo","rpt","RPT_BAD_STOCK_DETAIL_HIERARCHY","","DROP","","dbo_RPT_BAD_STOCK_DETAIL_HIERARCHY.dsql"
"1","synapse-demo-amirskiy.sql.azuresynapse.net","Dixons","C:\APS2SQLDW\Output\3_FixSqlCode\RPT_DWH\Tables","1","Table","dbo","rpt","RPT_BAD_STOCK_DETAIL_HISTORY_OUT","","DROP","","dbo_RPT_BAD_STOCK_DETAIL_HISTORY_OUT.dsql"
"1","synapse-demo-amirskiy.sql.azuresynapse.net","Dixons","C:\APS2SQLDW\Output\3_FixSqlCode\RPT_DWH\Tables","1","Table","dbo","rpt","RPT_BAD_STOCK_DETAIL_HISTORY_OUT_old","","DROP","","dbo_RPT_BAD_STOCK_DETAIL_HISTORY_OUT_old.dsql"
"1","synapse-demo-amirskiy.sql.azuresynapse.net","Dixons","C:\APS2SQLDW\Output\3_FixSqlCode\RPT_DWH\Tables","1","Table","dbo","rpt","RPT_BAD_STOCK_DETAIL_OUT","","DROP","","dbo_RPT_BAD_STOCK_DETAIL_OUT.dsql"
"1","synapse-demo-amirskiy.sql.azuresynapse.net","Dixons","C:\APS2SQLDW\Output\3_FixSqlCode\RPT_DWH\Tables","1","Table","dbo","rpt","RPT_BAD_STOCK_OUT_CAT_HIERARCHY_OUT","","DROP","","dbo_RPT_BAD_STOCK_OUT_CAT_HIERARCHY_OUT.dsql"
"1","synapse-demo-amirskiy.sql.azuresynapse.net","Dixons","C:\APS2SQLDW\Output\3_FixSqlCode\RPT_DWH\Tables","1","Table","dbo","rpt","RPT_BAD_STOCK_SUMMARY_HISTORY_OUT","","DROP","","dbo_RPT_BAD_STOCK_SUMMARY_HISTORY_OUT.dsql"
"1","synapse-demo-amirskiy.sql.azuresynapse.net","Dixons","C:\APS2SQLDW\Output\3_FixSqlCode\RPT_DWH\Tables","1","Table","dbo","rpt","RPT_BAD_STOCK_SUMMARY_HISTORY_OUT_old","","DROP","","dbo_RPT_BAD_STOCK_SUMMARY_HISTORY_OUT_old.dsql"
"1","synapse-demo-amirskiy.sql.azuresynapse.net","Dixons","C:\APS2SQLDW\Output\3_FixSqlCode\RPT_DWH\Tables","1","Table","dbo","rpt","RPT_BAD_STOCK_SUMMARY_OUT","","DROP","","dbo_RPT_BAD_STOCK_SUMMARY_OUT.dsql"
"1","synapse-demo-amirskiy.sql.azuresynapse.net","Dixons","C:\APS2SQLDW\Output\3_FixSqlCode\RPT_DWH\Tables","1","Table","dbo","rpt","RPT_BUCKET_CAT_HIERARCHY_OUT","","DROP","","dbo_RPT_BUCKET_CAT_HIERARCHY_OUT.dsql"
"1","synapse-demo-amirskiy.sql.azuresynapse.net","Dixons","C:\APS2SQLDW\Output\3_FixSqlCode\RPT_DWH\Tables","1","Table","dbo","rpt","RPT_BUCKET_OUT","","DROP","","dbo_RPT_BUCKET_OUT.dsql"
"1","synapse-demo-amirskiy.sql.azuresynapse.net","Dixons","C:\APS2SQLDW\Output\3_FixSqlCode\RPT_DWH\Tables","1","Table","dbo","rpt","RPT_BUCKET_SUMMARY_BUCKETS_OUT","","DROP","","dbo_RPT_BUCKET_SUMMARY_BUCKETS_OUT.dsql"
"1","synapse-demo-amirskiy.sql.azuresynapse.net","Dixons","C:\APS2SQLDW\Output\3_FixSqlCode\RPT_DWH\Tables","1","Table","dbo","rpt","RPT_BUCKET_SUMMARY_EXCEPTIONS_OUT","","DROP","","dbo_RPT_BUCKET_SUMMARY_EXCEPTIONS_OUT.dsql"
"1","synapse-demo-amirskiy.sql.azuresynapse.net","Dixons","C:\APS2SQLDW\Output\3_FixSqlCode\RPT_DWH\Tables","1","Table","dbo","rpt","RPT_BUCKET_SUMMARY_OUT","","DROP","","dbo_RPT_BUCKET_SUMMARY_OUT.dsql"
"1","synapse-demo-amirskiy.sql.azuresynapse.net","Dixons","C:\APS2SQLDW\Output\3_FixSqlCode\RPT_DWH\Tables","1","Table","dbo","rpt","RPT_BUDGET_SALE_REPORT_OUT","","DROP","","dbo_RPT_BUDGET_SALE_REPORT_OUT.dsql"
"1","synapse-demo-amirskiy.sql.azuresynapse.net","Dixons","C:\APS2SQLDW\Output\3_FixSqlCode\RPT_DWH\Tables","1","Table","dbo","rpt","RPT_CSP_AP_CSG_SETUP_REPORT_CAT_HIERARCHY_OUT","","DROP","","dbo_RPT_CSP_AP_CSG_SETUP_REPORT_CAT_HIERARCHY_OUT.dsql"
"1","synapse-demo-amirskiy.sql.azuresynapse.net","Dixons","C:\APS2SQLDW\Output\3_FixSqlCode\RPT_DWH\Tables","1","Table","dbo","rpt","RPT_CSP_AP_CSG_SETUP_REPORT_CHANNEL_HIERARCHY_OUT","","DROP","","dbo_RPT_CSP_AP_CSG_SETUP_REPORT_CHANNEL_HIERARCHY_OUT.dsql"
"1","synapse-demo-amirskiy.sql.azuresynapse.net","Dixons","C:\APS2SQLDW\Output\3_FixSqlCode\RPT_DWH\Tables","1","Table","dbo","rpt","RPT_CSP_AP_CSG_SETUP_REPORT_COUNTS_OUT","","DROP","","dbo_RPT_CSP_AP_CSG_SETUP_REPORT_COUNTS_OUT.dsql"
"1","synapse-demo-amirskiy.sql.azuresynapse.net","Dixons","C:\APS2SQLDW\Output\3_FixSqlCode\RPT_DWH\Tables","1","Table","dbo","rpt","RPT_CSP_AP_CSG_SETUP_REPORT_HIST_OUT","","DROP","","dbo_RPT_CSP_AP_CSG_SETUP_REPORT_HIST_OUT.dsql"
"1","synapse-demo-amirskiy.sql.azuresynapse.net","Dixons","C:\APS2SQLDW\Output\3_FixSqlCode\RPT_DWH\Tables","1","Table","dbo","rpt","RPT_CSP_AP_RANGE_EXCEPTION_REPORT_CAT_HIERARCHY_OUT","","DROP","","dbo_RPT_CSP_AP_RANGE_EXCEPTION_REPORT_CAT_HIERARCHY_OUT.dsql"
"1","synapse-demo-amirskiy.sql.azuresynapse.net","Dixons","C:\APS2SQLDW\Output\3_FixSqlCode\RPT_DWH\Tables","1","Table","dbo","rpt","RPT_CSP_AP_RANGE_EXCEPTION_REPORT_CHANNEL_HIERARCHY_OUT","","DROP","","dbo_RPT_CSP_AP_RANGE_EXCEPTION_REPORT_CHANNEL_HIERARCHY_OUT.dsql"
"1","synapse-demo-amirskiy.sql.azuresynapse.net","Dixons","C:\APS2SQLDW\Output\3_FixSqlCode\RPT_DWH\Tables","1","Table","dbo","rpt","RPT_CSP_AP_RANGE_EXCEPTION_REPORT_HIST","","DROP","","dbo_RPT_CSP_AP_RANGE_EXCEPTION_REPORT_HIST.dsql"
"1","synapse-demo-amirskiy.sql.azuresynapse.net","Dixons","C:\APS2SQLDW\Output\3_FixSqlCode\RPT_DWH\Tables","1","Table","dbo","rpt","RPT_CSP_AP_RANGE_EXCEPTION_REPORT_OUT","","DROP","","dbo_RPT_CSP_AP_RANGE_EXCEPTION_REPORT_OUT.dsql"
"1","synapse-demo-amirskiy.sql.azuresynapse.net","Dixons","C:\APS2SQLDW\Output\3_FixSqlCode\RPT_DWH\Tables","1","Table","dbo","rpt","RPT_CSP_AP_RANGE_TRANSITION_REPORT_FINAL_OUT","","DROP","","dbo_RPT_CSP_AP_RANGE_TRANSITION_REPORT_FINAL_OUT.dsql"
"1","synapse-demo-amirskiy.sql.azuresynapse.net","Dixons","C:\APS2SQLDW\Output\3_FixSqlCode\RPT_DWH\Tables","1","Table","dbo","rpt","RPT_CSP_AP_RTR_REPORT_CAT_HIERARCHY_OUT","","DROP","","dbo_RPT_CSP_AP_RTR_REPORT_CAT_HIERARCHY_OUT.dsql"
"1","synapse-demo-amirskiy.sql.azuresynapse.net","Dixons","C:\APS2SQLDW\Output\3_FixSqlCode\RPT_DWH\Tables","1","Table","dbo","rpt","RPT_CSP_AP_RTR_REPORT_CHANNEL_HIERARCHY_OUT","","DROP","","dbo_RPT_CSP_AP_RTR_REPORT_CHANNEL_HIERARCHY_OUT.dsql"
"1","synapse-demo-amirskiy.sql.azuresynapse.net","Dixons","C:\APS2SQLDW\Output\3_FixSqlCode\RPT_DWH\Tables","1","Table","dbo","rpt","RPT_CSP_AP_STORE_REASSIGNMENT_DETAIL_OUT","","DROP","","dbo_RPT_CSP_AP_STORE_REASSIGNMENT_DETAIL_OUT.dsql"
"1","synapse-demo-amirskiy.sql.azuresynapse.net","Dixons","C:\APS2SQLDW\Output\3_FixSqlCode\RPT_DWH\Tables","1","Table","dbo","rpt","RPT_CSP_AP_STORE_REASSIGNMENT_OUT","","DROP","","dbo_RPT_CSP_AP_STORE_REASSIGNMENT_OUT.dsql"
"1","synapse-demo-amirskiy.sql.azuresynapse.net","Dixons","C:\APS2SQLDW\Output\3_FixSqlCode\RPT_DWH\Tables","1","Table","dbo","rpt","RPT_CSP_ROS_COMPARISON_CAT_HIERARCHY_OUT","","DROP","","dbo_RPT_CSP_ROS_COMPARISON_CAT_HIERARCHY_OUT.dsql"
"1","synapse-demo-amirskiy.sql.azuresynapse.net","Dixons","C:\APS2SQLDW\Output\3_FixSqlCode\RPT_DWH\Tables","1","Table","dbo","rpt","RPT_CSP_ROS_COMPARISON_OUT","","DROP","","dbo_RPT_CSP_ROS_COMPARISON_OUT.dsql"
"1","synapse-demo-amirskiy.sql.azuresynapse.net","Dixons","C:\APS2SQLDW\Output\3_FixSqlCode\RPT_DWH\Tables","1","Table","dbo","rpt","RPT_LIQUIDATION_REPORT_CAT_HIERARCHY_OUT","","DROP","","dbo_RPT_LIQUIDATION_REPORT_CAT_HIERARCHY_OUT.dsql"
"1","synapse-demo-amirskiy.sql.azuresynapse.net","Dixons","C:\APS2SQLDW\Output\3_FixSqlCode\RPT_DWH\Tables","1","Table","dbo","rpt","RPT_LIQUIDATION_REPORT_CHANNEL_HIERARCHY_OUT","","DROP","","dbo_RPT_LIQUIDATION_REPORT_CHANNEL_HIERARCHY_OUT.dsql"
"1","synapse-demo-amirskiy.sql.azuresynapse.net","Dixons","C:\APS2SQLDW\Output\3_FixSqlCode\RPT_DWH\Tables","1","Table","dbo","rpt","RPT_LIQUIDATION_REPORT_OUT","","DROP","","dbo_RPT_LIQUIDATION_REPORT_OUT.dsql"
"1","synapse-demo-amirskiy.sql.azuresynapse.net","Dixons","C:\APS2SQLDW\Output\3_FixSqlCode\RPT_DWH\Tables","1","Table","dbo","rpt","RPT_MIX_PERCT_OUT","","DROP","","dbo_RPT_MIX_PERCT_OUT.dsql"
"1","synapse-demo-amirskiy.sql.azuresynapse.net","Dixons","C:\APS2SQLDW\Output\3_FixSqlCode\RPT_DWH\Tables","1","Table","dbo","rpt","RPT_ONLINE_RANGE_BUNDLES_HISTORY_OUT","","DROP","","dbo_RPT_ONLINE_RANGE_BUNDLES_HISTORY_OUT.dsql"
"1","synapse-demo-amirskiy.sql.azuresynapse.net","Dixons","C:\APS2SQLDW\Output\3_FixSqlCode\RPT_DWH\Tables","1","Table","dbo","rpt","RPT_ONLINE_RANGE_BUNDLES_OUT","","DROP","","dbo_RPT_ONLINE_RANGE_BUNDLES_OUT.dsql"
"1","synapse-demo-amirskiy.sql.azuresynapse.net","Dixons","C:\APS2SQLDW\Output\3_FixSqlCode\RPT_DWH\Tables","1","Table","dbo","rpt","RPT_ONLINE_RANGE_CHECK_CAT_HIERARCHY_OUT","","DROP","","dbo_RPT_ONLINE_RANGE_CHECK_CAT_HIERARCHY_OUT.dsql"
"1","synapse-demo-amirskiy.sql.azuresynapse.net","Dixons","C:\APS2SQLDW\Output\3_FixSqlCode\RPT_DWH\Tables","1","Table","dbo","rpt","RPT_ONLINE_RANGE_CHECK_FINAL_OUT","","DROP","","dbo_RPT_ONLINE_RANGE_CHECK_FINAL_OUT.dsql"
"1","synapse-demo-amirskiy.sql.azuresynapse.net","Dixons","C:\APS2SQLDW\Output\3_FixSqlCode\RPT_DWH\Tables","1","Table","dbo","rpt","RPT_ONLINE_RANGE_HISTORY_OUT","","DROP","","dbo_RPT_ONLINE_RANGE_HISTORY_OUT.dsql"
"1","synapse-demo-amirskiy.sql.azuresynapse.net","Dixons","C:\APS2SQLDW\Output\3_FixSqlCode\RPT_DWH\Tables","1","Table","dbo","rpt","RPT_ONLINE_RANGE_HISTORY_OUT_BCKP","","DROP","","dbo_RPT_ONLINE_RANGE_HISTORY_OUT_BCKP.dsql"
"1","synapse-demo-amirskiy.sql.azuresynapse.net","Dixons","C:\APS2SQLDW\Output\3_FixSqlCode\RPT_DWH\Tables","1","Table","dbo","rpt","RPT_ONLINE_RANGE_OUT","","DROP","","dbo_RPT_ONLINE_RANGE_OUT.dsql"
"1","synapse-demo-amirskiy.sql.azuresynapse.net","Dixons","C:\APS2SQLDW\Output\3_FixSqlCode\RPT_DWH\Tables","1","Table","dbo","rpt","RPT_ONLINE_TACTICAL_CAT_HIERARCHY_OUT","","DROP","","dbo_RPT_ONLINE_TACTICAL_CAT_HIERARCHY_OUT.dsql"
"1","synapse-demo-amirskiy.sql.azuresynapse.net","Dixons","C:\APS2SQLDW\Output\3_FixSqlCode\RPT_DWH\Tables","1","Table","dbo","rpt","RPT_ONLINE_TACTICAL_FINAL_OUT","","DROP","","dbo_RPT_ONLINE_TACTICAL_FINAL_OUT.dsql"
"1","synapse-demo-amirskiy.sql.azuresynapse.net","Dixons","C:\APS2SQLDW\Output\3_FixSqlCode\RPT_DWH\Tables","1","Table","dbo","rpt","RPT_PROMO_PERIOD_ENDED_DATA","","DROP","","dbo_RPT_PROMO_PERIOD_ENDED_DATA.dsql"
"1","synapse-demo-amirskiy.sql.azuresynapse.net","Dixons","C:\APS2SQLDW\Output\3_FixSqlCode\RPT_DWH\Tables","1","Table","dbo","rpt","RPT_PROMO_PERIOD_HIERARCHY","","DROP","","dbo_RPT_PROMO_PERIOD_HIERARCHY.dsql"
"1","synapse-demo-amirskiy.sql.azuresynapse.net","Dixons","C:\APS2SQLDW\Output\3_FixSqlCode\RPT_DWH\Tables","1","Table","dbo","rpt","RPT_PROMO_PERIOD_OUT","","DROP","","dbo_RPT_PROMO_PERIOD_OUT.dsql"
"1","synapse-demo-amirskiy.sql.azuresynapse.net","Dixons","C:\APS2SQLDW\Output\3_FixSqlCode\RPT_DWH\Tables","1","Table","dbo","rpt","RPT_PROMO_PERIOD_OUT_CAT_HIERARCHY_OUT","","DROP","","dbo_RPT_PROMO_PERIOD_OUT_CAT_HIERARCHY_OUT.dsql"
"1","synapse-demo-amirskiy.sql.azuresynapse.net","Dixons","C:\APS2SQLDW\Output\3_FixSqlCode\RPT_DWH\Tables","1","Table","dbo","rpt","RPT_PROMO_TRACKER_HIERARCHY","","DROP","","dbo_RPT_PROMO_TRACKER_HIERARCHY.dsql"
"1","synapse-demo-amirskiy.sql.azuresynapse.net","Dixons","C:\APS2SQLDW\Output\3_FixSqlCode\RPT_DWH\Tables","1","Table","dbo","rpt","RPT_PROMO_TRACKER_HIST","","DROP","","dbo_RPT_PROMO_TRACKER_HIST.dsql"
"1","synapse-demo-amirskiy.sql.azuresynapse.net","Dixons","C:\APS2SQLDW\Output\3_FixSqlCode\RPT_DWH\Tables","1","Table","dbo","rpt","RPT_PROMO_TRACKER_OUT","","DROP","","dbo_RPT_PROMO_TRACKER_OUT.dsql"
"1","synapse-demo-amirskiy.sql.azuresynapse.net","Dixons","C:\APS2SQLDW\Output\3_FixSqlCode\RPT_DWH\Tables","1","Table","dbo","rpt","RPT_PROMO_TRACKER_OUT_CAT_HIERARCHY_OUT","","DROP","","dbo_RPT_PROMO_TRACKER_OUT_CAT_HIERARCHY_OUT.dsql"
"1","synapse-demo-amirskiy.sql.azuresynapse.net","Dixons","C:\APS2SQLDW\Output\3_FixSqlCode\RPT_DWH\Tables","1","Table","dbo","rpt","RPT_RETAIL_402_CAT_HIERARCHY_OUT","","DROP","","dbo_RPT_RETAIL_402_CAT_HIERARCHY_OUT.dsql"
"1","synapse-demo-amirskiy.sql.azuresynapse.net","Dixons","C:\APS2SQLDW\Output\3_FixSqlCode\RPT_DWH\Tables","1","Table","dbo","rpt","RPT_RETAIL_402_REPORT_CHANNEL_HIERARCHY_OUT","","DROP","","dbo_RPT_RETAIL_402_REPORT_CHANNEL_HIERARCHY_OUT.dsql"
"1","synapse-demo-amirskiy.sql.azuresynapse.net","Dixons","C:\APS2SQLDW\Output\3_FixSqlCode\RPT_DWH\Tables","1","Table","dbo","rpt","RPT_RETAIL_402_REPORT_FINAL_OUT","","DROP","","dbo_RPT_RETAIL_402_REPORT_FINAL_OUT.dsql"
"1","synapse-demo-amirskiy.sql.azuresynapse.net","Dixons","C:\APS2SQLDW\Output\3_FixSqlCode\RPT_DWH\Tables","1","Table","dbo","rpt","RPT_SALE_READINESS_PRODUCT_OUT","","DROP","","dbo_RPT_SALE_READINESS_PRODUCT_OUT.dsql"
"1","synapse-demo-amirskiy.sql.azuresynapse.net","Dixons","C:\APS2SQLDW\Output\3_FixSqlCode\RPT_DWH\Tables","1","Table","dbo","rpt","RPT_SALE_READINESS_RANGED_PRODUCTS_OUT","","DROP","","dbo_RPT_SALE_READINESS_RANGED_PRODUCTS_OUT.dsql"
"1","synapse-demo-amirskiy.sql.azuresynapse.net","Dixons","C:\APS2SQLDW\Output\3_FixSqlCode\RPT_DWH\Tables","1","Table","dbo","rpt","RPT_SALE_REPORT_OUT","","DROP","","dbo_RPT_SALE_REPORT_OUT.dsql"
"1","synapse-demo-amirskiy.sql.azuresynapse.net","Dixons","C:\APS2SQLDW\Output\3_FixSqlCode\RPT_DWH\Tables","1","Table","dbo","rpt","RPT_SDD_DELIVERY_WINDOWS_OUT","","DROP","","dbo_RPT_SDD_DELIVERY_WINDOWS_OUT.dsql"
"1","synapse-demo-amirskiy.sql.azuresynapse.net","Dixons","C:\APS2SQLDW\Output\3_FixSqlCode\RPT_DWH\Tables","1","Table","dbo","rpt","RPT_SDD_ORDERS_OUT","","DROP","","dbo_RPT_SDD_ORDERS_OUT.dsql"
"1","synapse-demo-amirskiy.sql.azuresynapse.net","Dixons","C:\APS2SQLDW\Output\3_FixSqlCode\RPT_DWH\Tables","1","Table","dbo","rpt","RPT_SDD_REFUNDS_OUT","","DROP","","dbo_RPT_SDD_REFUNDS_OUT.dsql"
"1","synapse-demo-amirskiy.sql.azuresynapse.net","Dixons","C:\APS2SQLDW\Output\3_FixSqlCode\RPT_DWH\Tables","1","Table","dbo","rpt","RPT_TAB_REPORT_CAT_HIERARCHY_OUT","","DROP","","dbo_RPT_TAB_REPORT_CAT_HIERARCHY_OUT.dsql"
"1","synapse-demo-amirskiy.sql.azuresynapse.net","Dixons","C:\APS2SQLDW\Output\3_FixSqlCode\RPT_DWH\Tables","1","Table","dbo","rpt","RPT_TAB_REPORT_OUT","","DROP","","dbo_RPT_TAB_REPORT_OUT.dsql"
"1","synapse-demo-amirskiy.sql.azuresynapse.net","Dixons","C:\APS2SQLDW\Output\3_FixSqlCode\RPT_DWH\Tables","1","Table","dbo","rpt","RPT_TV_DEALS_HIERARCHY","","DROP","","dbo_RPT_TV_DEALS_HIERARCHY.dsql"
"1","synapse-demo-amirskiy.sql.azuresynapse.net","Dixons","C:\APS2SQLDW\Output\3_FixSqlCode\RPT_DWH\Tables","1","Table","dbo","rpt","RPT_TV_DEALS_OUT","","DROP","","dbo_RPT_TV_DEALS_OUT.dsql"
"1","synapse-demo-amirskiy.sql.azuresynapse.net","Dixons","C:\APS2SQLDW\Output\3_FixSqlCode\RPT_DWH\Tables","1","Table","dbo","rpt","RPT_TV_DEALS_OUT_CAT_HIERARCHY_OUT","","DROP","","dbo_RPT_TV_DEALS_OUT_CAT_HIERARCHY_OUT.dsql"
"1","synapse-demo-amirskiy.sql.azuresynapse.net","Dixons","C:\APS2SQLDW\Output\3_FixSqlCode\RPT_DWH\Tables","1","Table","dbo","rpt","RPT_WMTR_EXIT_STOCK_HIST","","DROP","","dbo_RPT_WMTR_EXIT_STOCK_HIST.dsql"
"1","synapse-demo-amirskiy.sql.azuresynapse.net","Dixons","C:\APS2SQLDW\Output\3_FixSqlCode\RPT_DWH\Tables","1","Table","dbo","rpt","RPT_WMTR_EXIT_STOCK_HIST_old","","DROP","","dbo_RPT_WMTR_EXIT_STOCK_HIST_old.dsql"
"1","synapse-demo-amirskiy.sql.azuresynapse.net","Dixons","C:\APS2SQLDW\Output\3_FixSqlCode\RPT_DWH\Tables","1","Table","dbo","rpt","RPT_WMTR_LAST_SUPPLIERS","","DROP","","dbo_RPT_WMTR_LAST_SUPPLIERS.dsql"
"1","synapse-demo-amirskiy.sql.azuresynapse.net","Dixons","C:\APS2SQLDW\Output\3_FixSqlCode\RPT_DWH\Tables","1","Table","dbo","rpt","RPT_WMTR_PERIOD","","DROP","","dbo_RPT_WMTR_PERIOD.dsql"
"1","synapse-demo-amirskiy.sql.azuresynapse.net","Dixons","C:\APS2SQLDW\Output\3_FixSqlCode\RPT_DWH\Tables","1","Table","dbo","rpt","RPT_WMTR_SUPPLIERS","","DROP","","dbo_RPT_WMTR_SUPPLIERS.dsql"
"1","synapse-demo-amirskiy.sql.azuresynapse.net","Dixons","C:\APS2SQLDW\Output\3_FixSqlCode\RPT_DWH\Tables","1","Table","dbo","rpt","SDD_REFUNDS_YESTERDAY","","DROP","","dbo_SDD_REFUNDS_YESTERDAY.dsql"
"1","synapse-demo-amirskiy.sql.azuresynapse.net","Dixons","C:\APS2SQLDW\Output\3_FixSqlCode\RPT_DWH\Tables","1","Table","dbo","rpt","snowflake_exp_forecast_gtm","","DROP","","dbo_snowflake_exp_forecast_gtm.dsql"
"1","synapse-demo-amirskiy.sql.azuresynapse.net","Dixons","C:\APS2SQLDW\Output\3_FixSqlCode\RPT_DWH\Tables","1","Table","dbo","rpt","STG_EMERCHANT_CUSTOMER_ORDER_CREATED_TODAY","","DROP","","dbo_STG_EMERCHANT_CUSTOMER_ORDER_CREATED_TODAY.dsql"
"1","synapse-demo-amirskiy.sql.azuresynapse.net","Dixons","C:\APS2SQLDW\Output\3_FixSqlCode\RPT_DWH\Tables","1","Table","dbo","rpt","STG_EMERCHANT_CUSTOMER_ORDER_LINE_CREATED_TODAY","","DROP","","dbo_STG_EMERCHANT_CUSTOMER_ORDER_LINE_CREATED_TODAY.dsql"
"1","synapse-demo-amirskiy.sql.azuresynapse.net","Dixons","C:\APS2SQLDW\Output\3_FixSqlCode\RPT_DWH\Tables","1","Table","dbo","rpt","STG_EMERCHANT_ORDER_OPTION_CREATED_TODAY","","DROP","","dbo_STG_EMERCHANT_ORDER_OPTION_CREATED_TODAY.dsql"
"1","synapse-demo-amirskiy.sql.azuresynapse.net","Dixons","C:\APS2SQLDW\Output\3_FixSqlCode\RPT_DWH\Tables","1","Table","dbo","rpt","stg_FACT_BAD_STOCK","","DROP","","dbo_stg_FACT_BAD_STOCK.dsql"
"1","synapse-demo-amirskiy.sql.azuresynapse.net","Dixons","C:\APS2SQLDW\Output\3_FixSqlCode\RPT_DWH\Tables","1","Table","dbo","rpt","stg_trans_FACT_EXCESS_STOCK","","DROP","","dbo_stg_trans_FACT_EXCESS_STOCK.dsql"
"1","synapse-demo-amirskiy.sql.azuresynapse.net","Dixons","C:\APS2SQLDW\Output\3_FixSqlCode\RPT_DWH\Tables","1","Table","dbo","rpt","TERADATA_FWD_ORD_RTM_QUERY","","DROP","","dbo_TERADATA_FWD_ORD_RTM_QUERY.dsql"
"1","synapse-demo-amirskiy.sql.azuresynapse.net","Dixons","C:\APS2SQLDW\Output\3_FixSqlCode\RPT_DWH\Tables","1","Table","dbo","rpt","TERADATA_RMT_RANGE","","DROP","","dbo_TERADATA_RMT_RANGE.dsql"
"1","synapse-demo-amirskiy.sql.azuresynapse.net","Dixons","C:\APS2SQLDW\Output\3_FixSqlCode\RPT_DWH\Tables","1","Table","dbo","rpt","TERADATA_STOCK_INVENTORY_NEW","","DROP","","dbo_TERADATA_STOCK_INVENTORY_NEW.dsql"
"1","synapse-demo-amirskiy.sql.azuresynapse.net","Dixons","C:\APS2SQLDW\Output\3_FixSqlCode\RPT_DWH\Tables","1","Table","dbo","rpt","tmp_fact_credit_application_hist","","DROP","","dbo_tmp_fact_credit_application_hist.dsql"
"1","synapse-demo-amirskiy.sql.azuresynapse.net","Dixons","C:\APS2SQLDW\Output\3_FixSqlCode\RPT_DWH\Tables","1","Table","dbo","rpt","tmp_fact_credit_application_soft_hist","","DROP","","dbo_tmp_fact_credit_application_soft_hist.dsql"
"1","synapse-demo-amirskiy.sql.azuresynapse.net","Dixons","C:\APS2SQLDW\Output\3_FixSqlCode\RPT_DWH\Tables","1","Table","dbo","rpt","TMP_RPT_AVAILABILITY_BASE","","DROP","","dbo_TMP_RPT_AVAILABILITY_BASE.dsql"
"1","synapse-demo-amirskiy.sql.azuresynapse.net","Dixons","C:\APS2SQLDW\Output\3_FixSqlCode\RPT_DWH\Tables","1","Table","dbo","rpt","TMP_RPT_AVAILABILITY_OUT","","DROP","","dbo_TMP_RPT_AVAILABILITY_OUT.dsql"
"1","synapse-demo-amirskiy.sql.azuresynapse.net","Dixons","C:\APS2SQLDW\Output\3_FixSqlCode\RPT_DWH\Tables","1","Table","dbo","rpt","TMP_RPT_CSP_AP_RANGE_TRANSITION_REPORT_COMBINED_MDS__NEW","","DROP","","dbo_TMP_RPT_CSP_AP_RANGE_TRANSITION_REPORT_COMBINED_MDS__NEW.dsql"
"1","synapse-demo-amirskiy.sql.azuresynapse.net","Dixons","C:\APS2SQLDW\Output\3_FixSqlCode\RPT_DWH\Tables","1","Table","dbo","rpt","TMP_RPT_ONLINE_RANGE_PLU_PRICE_OTFT_COMPONENT","","DROP","","dbo_TMP_RPT_ONLINE_RANGE_PLU_PRICE_OTFT_COMPONENT.dsql"
"1","synapse-demo-amirskiy.sql.azuresynapse.net","Dixons","C:\APS2SQLDW\Output\3_FixSqlCode\RPT_DWH\Tables","1","Table","dbo","rpt","TMP_RPT_PROMO_PERIOD_AV","","DROP","","dbo_TMP_RPT_PROMO_PERIOD_AV.dsql"
"1","synapse-demo-amirskiy.sql.azuresynapse.net","Dixons","C:\APS2SQLDW\Output\3_FixSqlCode\RPT_DWH\Tables","1","Table","dbo","rpt","TMP_RPT_PROMO_PERIOD_OUT","","DROP","","dbo_TMP_RPT_PROMO_PERIOD_OUT.dsql"
"1","synapse-demo-amirskiy.sql.azuresynapse.net","Dixons","C:\APS2SQLDW\Output\3_FixSqlCode\RPT_DWH\Tables","1","Table","dbo","rpt","TMP_RPT_PROMO_TRACKER","","DROP","","dbo_TMP_RPT_PROMO_TRACKER.dsql"
"1","synapse-demo-amirskiy.sql.azuresynapse.net","Dixons","C:\APS2SQLDW\Output\3_FixSqlCode\RPT_DWH\Tables","1","Table","dbo","rpt","TMP_RPT_PROMO_TRACKER_AVAILABILITY","","DROP","","dbo_TMP_RPT_PROMO_TRACKER_AVAILABILITY.dsql"
"1","synapse-demo-amirskiy.sql.azuresynapse.net","Dixons","C:\APS2SQLDW\Output\3_FixSqlCode\RPT_DWH\Tables","1","Table","dbo","rpt","TMP_RPT_PROMO_TRACKER_BOOKINGS","","DROP","","dbo_TMP_RPT_PROMO_TRACKER_BOOKINGS.dsql"
"1","synapse-demo-amirskiy.sql.azuresynapse.net","Dixons","C:\APS2SQLDW\Output\3_FixSqlCode\RPT_DWH\Tables","1","Table","dbo","rpt","TMP_RPT_PROMO_TRACKER_DISPLAY","","DROP","","dbo_TMP_RPT_PROMO_TRACKER_DISPLAY.dsql"
"1","synapse-demo-amirskiy.sql.azuresynapse.net","Dixons","C:\APS2SQLDW\Output\3_FixSqlCode\RPT_DWH\Tables","1","Table","dbo","rpt","TMP_RPT_PROMO_TRACKER_FCST","","DROP","","dbo_TMP_RPT_PROMO_TRACKER_FCST.dsql"
"1","synapse-demo-amirskiy.sql.azuresynapse.net","Dixons","C:\APS2SQLDW\Output\3_FixSqlCode\RPT_DWH\Tables","1","Table","dbo","rpt","TMP_RPT_PROMO_TRACKER_HIST","","DROP","","dbo_TMP_RPT_PROMO_TRACKER_HIST.dsql"
"1","synapse-demo-amirskiy.sql.azuresynapse.net","Dixons","C:\APS2SQLDW\Output\3_FixSqlCode\RPT_DWH\Tables","1","Table","dbo","rpt","TMP_RPT_PROMO_TRACKER_ORDERS","","DROP","","dbo_TMP_RPT_PROMO_TRACKER_ORDERS.dsql"
"1","synapse-demo-amirskiy.sql.azuresynapse.net","Dixons","C:\APS2SQLDW\Output\3_FixSqlCode\RPT_DWH\Tables","1","Table","dbo","rpt","TMP_RPT_PROMO_TRACKER_PROMOTIONS","","DROP","","dbo_TMP_RPT_PROMO_TRACKER_PROMOTIONS.dsql"
"1","synapse-demo-amirskiy.sql.azuresynapse.net","Dixons","C:\APS2SQLDW\Output\3_FixSqlCode\RPT_DWH\Tables","1","Table","dbo","rpt","TMP_RPT_PROMO_TRACKER_STOCK","","DROP","","dbo_TMP_RPT_PROMO_TRACKER_STOCK.dsql"
"1","synapse-demo-amirskiy.sql.azuresynapse.net","Dixons","C:\APS2SQLDW\Output\3_FixSqlCode\RPT_DWH\Tables","1","Table","dbo","rpt","TMP_RPT_TV_DEALS_FORECAST","","DROP","","dbo_TMP_RPT_TV_DEALS_FORECAST.dsql"
"1","synapse-demo-amirskiy.sql.azuresynapse.net","Dixons","C:\APS2SQLDW\Output\3_FixSqlCode\RPT_DWH\Tables","1","Table","dbo","rpt","tmp_stg_FACT_CSP_RANGE","","DROP","","dbo_tmp_stg_FACT_CSP_RANGE.dsql"
"1","synapse-demo-amirskiy.sql.azuresynapse.net","Dixons","C:\APS2SQLDW\Output\3_FixSqlCode\RPT_DWH\Tables","1","Table","dbo","rpt","tmp_stg_FACT_CSP_RANGE_RDC","","DROP","","dbo_tmp_stg_FACT_CSP_RANGE_RDC.dsql"
"1","synapse-demo-amirskiy.sql.azuresynapse.net","Dixons","C:\APS2SQLDW\Output\3_FixSqlCode\RPT_DWH\Tables","1","Table","dbo","rpt","TRAFFIC_ANALYSIS","","DROP","","dbo_TRAFFIC_ANALYSIS.dsql"
"1","synapse-demo-amirskiy.sql.azuresynapse.net","Dixons","C:\APS2SQLDW\Output\3_FixSqlCode\RPT_DWH\Tables","1","Table","dbo","rpt","TV_DEALS_RETAIL_PRICES","","DROP","","dbo_TV_DEALS_RETAIL_PRICES.dsql"
"1","synapse-demo-amirskiy.sql.azuresynapse.net","Dixons","C:\APS2SQLDW\Output\3_FixSqlCode\RPT_DWH\Tables","1","Table","dbo","rpt","TV_DEALS_SALES_HISTORY","","DROP","","dbo_TV_DEALS_SALES_HISTORY.dsql"
"1","synapse-demo-amirskiy.sql.azuresynapse.net","Dixons","C:\APS2SQLDW\Output\3_FixSqlCode\RPT_DWH\Tables","1","Table","dbo","rpt","UCMS_PRODUCT_HIERARCHY","","DROP","","dbo_UCMS_PRODUCT_HIERARCHY.dsql"
"1","synapse-demo-amirskiy.sql.azuresynapse.net","Dixons","C:\APS2SQLDW\Output\3_FixSqlCode\RPT_DWH\Tables","1","Table","dbo","rpt","UVW_DIM_ASSISTED_SALE","","DROP","","dbo_UVW_DIM_ASSISTED_SALE.dsql"
"1","synapse-demo-amirskiy.sql.azuresynapse.net","Dixons","C:\APS2SQLDW\Output\3_FixSqlCode\RPT_DWH\Tables","1","Table","dbo","rpt","UVW_DIM_AVAILABILITY_TYPE","","DROP","","dbo_UVW_DIM_AVAILABILITY_TYPE.dsql"
"1","synapse-demo-amirskiy.sql.azuresynapse.net","Dixons","C:\APS2SQLDW\Output\3_FixSqlCode\RPT_DWH\Tables","1","Table","dbo","rpt","UVW_DIM_BRANCH_PRICE_GROUP","","DROP","","dbo_UVW_DIM_BRANCH_PRICE_GROUP.dsql"
"1","synapse-demo-amirskiy.sql.azuresynapse.net","Dixons","C:\APS2SQLDW\Output\3_FixSqlCode\RPT_DWH\Tables","1","Table","dbo","rpt","UVW_DIM_BRAND","","DROP","","dbo_UVW_DIM_BRAND.dsql"
"1","synapse-demo-amirskiy.sql.azuresynapse.net","Dixons","C:\APS2SQLDW\Output\3_FixSqlCode\RPT_DWH\Tables","1","Table","dbo","rpt","UVW_DIM_BUDGET_TYPE","","DROP","","dbo_UVW_DIM_BUDGET_TYPE.dsql"
"1","synapse-demo-amirskiy.sql.azuresynapse.net","Dixons","C:\APS2SQLDW\Output\3_FixSqlCode\RPT_DWH\Tables","1","Table","dbo","rpt","UVW_DIM_CATEGORY","","DROP","","dbo_UVW_DIM_CATEGORY.dsql"
"1","synapse-demo-amirskiy.sql.azuresynapse.net","Dixons","C:\APS2SQLDW\Output\3_FixSqlCode\RPT_DWH\Tables","1","Table","dbo","rpt","UVW_DIM_CATEGORY_CURRENT","","DROP","","dbo_UVW_DIM_CATEGORY_CURRENT.dsql"
"1","synapse-demo-amirskiy.sql.azuresynapse.net","Dixons","C:\APS2SQLDW\Output\3_FixSqlCode\RPT_DWH\Tables","1","Table","dbo","rpt","UVW_DIM_CHAIN","","DROP","","dbo_UVW_DIM_CHAIN.dsql"
"1","synapse-demo-amirskiy.sql.azuresynapse.net","Dixons","C:\APS2SQLDW\Output\3_FixSqlCode\RPT_DWH\Tables","1","Table","dbo","rpt","UVW_DIM_CHANNEL","","DROP","","dbo_UVW_DIM_CHANNEL.dsql"
"1","synapse-demo-amirskiy.sql.azuresynapse.net","Dixons","C:\APS2SQLDW\Output\3_FixSqlCode\RPT_DWH\Tables","1","Table","dbo","rpt","UVW_DIM_COMBINED_STOCK_STATUS","","DROP","","dbo_UVW_DIM_COMBINED_STOCK_STATUS.dsql"
"1","synapse-demo-amirskiy.sql.azuresynapse.net","Dixons","C:\APS2SQLDW\Output\3_FixSqlCode\RPT_DWH\Tables","1","Table","dbo","rpt","UVW_DIM_COST_CENTRE","","DROP","","dbo_UVW_DIM_COST_CENTRE.dsql"
"1","synapse-demo-amirskiy.sql.azuresynapse.net","Dixons","C:\APS2SQLDW\Output\3_FixSqlCode\RPT_DWH\Tables","1","Table","dbo","rpt","UVW_DIM_COST_CENTRE_CURRENT","","DROP","","dbo_UVW_DIM_COST_CENTRE_CURRENT.dsql"
"1","synapse-demo-amirskiy.sql.azuresynapse.net","Dixons","C:\APS2SQLDW\Output\3_FixSqlCode\RPT_DWH\Tables","1","Table","dbo","rpt","UVW_DIM_CSP_AP_PHASE","","DROP","","dbo_UVW_DIM_CSP_AP_PHASE.dsql"
"1","synapse-demo-amirskiy.sql.azuresynapse.net","Dixons","C:\APS2SQLDW\Output\3_FixSqlCode\RPT_DWH\Tables","1","Table","dbo","rpt","UVW_DIM_CSP_AP_PRODUCT","","DROP","","dbo_UVW_DIM_CSP_AP_PRODUCT.dsql"
"1","synapse-demo-amirskiy.sql.azuresynapse.net","Dixons","C:\APS2SQLDW\Output\3_FixSqlCode\RPT_DWH\Tables","1","Table","dbo","rpt","UVW_DIM_CSP_DISPLAY_TYPE","","DROP","","dbo_UVW_DIM_CSP_DISPLAY_TYPE.dsql"
"1","synapse-demo-amirskiy.sql.azuresynapse.net","Dixons","C:\APS2SQLDW\Output\3_FixSqlCode\RPT_DWH\Tables","1","Table","dbo","rpt","UVW_DIM_CSP_EP_CHANNEL","","DROP","","dbo_UVW_DIM_CSP_EP_CHANNEL.dsql"
"1","synapse-demo-amirskiy.sql.azuresynapse.net","Dixons","C:\APS2SQLDW\Output\3_FixSqlCode\RPT_DWH\Tables","1","Table","dbo","rpt","UVW_DIM_CSP_EP_SUBCHANNEL","","DROP","","dbo_UVW_DIM_CSP_EP_SUBCHANNEL.dsql"
"1","synapse-demo-amirskiy.sql.azuresynapse.net","Dixons","C:\APS2SQLDW\Output\3_FixSqlCode\RPT_DWH\Tables","1","Table","dbo","rpt","UVW_DIM_CSP_PRODUCT_ATTRIBUTES","","DROP","","dbo_UVW_DIM_CSP_PRODUCT_ATTRIBUTES.dsql"
"1","synapse-demo-amirskiy.sql.azuresynapse.net","Dixons","C:\APS2SQLDW\Output\3_FixSqlCode\RPT_DWH\Tables","1","Table","dbo","rpt","UVW_DIM_CSP_STORE_GROUP","","DROP","","dbo_UVW_DIM_CSP_STORE_GROUP.dsql"
"1","synapse-demo-amirskiy.sql.azuresynapse.net","Dixons","C:\APS2SQLDW\Output\3_FixSqlCode\RPT_DWH\Tables","1","Table","dbo","rpt","UVW_DIM_CSP_STORE_GROUP_DETAILS","","DROP","","dbo_UVW_DIM_CSP_STORE_GROUP_DETAILS.dsql"
"1","synapse-demo-amirskiy.sql.azuresynapse.net","Dixons","C:\APS2SQLDW\Output\3_FixSqlCode\RPT_DWH\Tables","1","Table","dbo","rpt","UVW_DIM_CURRENCY","","DROP","","dbo_UVW_DIM_CURRENCY.dsql"
"1","synapse-demo-amirskiy.sql.azuresynapse.net","Dixons","C:\APS2SQLDW\Output\3_FixSqlCode\RPT_DWH\Tables","1","Table","dbo","rpt","UVW_DIM_CUSTOMER_FULFILMENT_ROUTE","","DROP","","dbo_UVW_DIM_CUSTOMER_FULFILMENT_ROUTE.dsql"
"1","synapse-demo-amirskiy.sql.azuresynapse.net","Dixons","C:\APS2SQLDW\Output\3_FixSqlCode\RPT_DWH\Tables","1","Table","dbo","rpt","UVW_DIM_DATE","","DROP","","dbo_UVW_DIM_DATE.dsql"
"1","synapse-demo-amirskiy.sql.azuresynapse.net","Dixons","C:\APS2SQLDW\Output\3_FixSqlCode\RPT_DWH\Tables","1","Table","dbo","rpt","UVW_DIM_DIXONS_TRAVEL_EXCLUSIVE","","DROP","","dbo_UVW_DIM_DIXONS_TRAVEL_EXCLUSIVE.dsql"
"1","synapse-demo-amirskiy.sql.azuresynapse.net","Dixons","C:\APS2SQLDW\Output\3_FixSqlCode\RPT_DWH\Tables","1","Table","dbo","rpt","UVW_DIM_MERCHANDISE_AREA","","DROP","","dbo_UVW_DIM_MERCHANDISE_AREA.dsql"
"1","synapse-demo-amirskiy.sql.azuresynapse.net","Dixons","C:\APS2SQLDW\Output\3_FixSqlCode\RPT_DWH\Tables","1","Table","dbo","rpt","UVW_DIM_MERCHANDISE_AREA_CURRENT","","DROP","","dbo_UVW_DIM_MERCHANDISE_AREA_CURRENT.dsql"
"1","synapse-demo-amirskiy.sql.azuresynapse.net","Dixons","C:\APS2SQLDW\Output\3_FixSqlCode\RPT_DWH\Tables","1","Table","dbo","rpt","UVW_DIM_MERCHANDISE_AREA_PLAN_TYPE","","DROP","","dbo_UVW_DIM_MERCHANDISE_AREA_PLAN_TYPE.dsql"
"1","synapse-demo-amirskiy.sql.azuresynapse.net","Dixons","C:\APS2SQLDW\Output\3_FixSqlCode\RPT_DWH\Tables","1","Table","dbo","rpt","UVW_DIM_NEMO_ORDER_STATUS","","DROP","","dbo_UVW_DIM_NEMO_ORDER_STATUS.dsql"
"1","synapse-demo-amirskiy.sql.azuresynapse.net","Dixons","C:\APS2SQLDW\Output\3_FixSqlCode\RPT_DWH\Tables","1","Table","dbo","rpt","UVW_DIM_PLANNING_GROUP","","DROP","","dbo_UVW_DIM_PLANNING_GROUP.dsql"
"1","synapse-demo-amirskiy.sql.azuresynapse.net","Dixons","C:\APS2SQLDW\Output\3_FixSqlCode\RPT_DWH\Tables","1","Table","dbo","rpt","UVW_DIM_PLANNING_GROUP_CURRENT","","DROP","","dbo_UVW_DIM_PLANNING_GROUP_CURRENT.dsql"
"1","synapse-demo-amirskiy.sql.azuresynapse.net","Dixons","C:\APS2SQLDW\Output\3_FixSqlCode\RPT_DWH\Tables","1","Table","dbo","rpt","UVW_DIM_PROD","","DROP","","dbo_UVW_DIM_PROD.dsql"
"1","synapse-demo-amirskiy.sql.azuresynapse.net","Dixons","C:\APS2SQLDW\Output\3_FixSqlCode\RPT_DWH\Tables","1","Table","dbo","rpt","UVW_DIM_PRODUCT","","DROP","","dbo_UVW_DIM_PRODUCT.dsql"
"1","synapse-demo-amirskiy.sql.azuresynapse.net","Dixons","C:\APS2SQLDW\Output\3_FixSqlCode\RPT_DWH\Tables","1","Table","dbo","rpt","UVW_DIM_PRODUCT_CURRENT","","DROP","","dbo_UVW_DIM_PRODUCT_CURRENT.dsql"
"1","synapse-demo-amirskiy.sql.azuresynapse.net","Dixons","C:\APS2SQLDW\Output\3_FixSqlCode\RPT_DWH\Tables","1","Table","dbo","rpt","UVW_DIM_PRODUCT_FLAT_CURRENT","","DROP","","dbo_UVW_DIM_PRODUCT_FLAT_CURRENT.dsql"
"1","synapse-demo-amirskiy.sql.azuresynapse.net","Dixons","C:\APS2SQLDW\Output\3_FixSqlCode\RPT_DWH\Tables","1","Table","dbo","rpt","UVW_DIM_PRODUCT_RANGE","","DROP","","dbo_UVW_DIM_PRODUCT_RANGE.dsql"
"1","synapse-demo-amirskiy.sql.azuresynapse.net","Dixons","C:\APS2SQLDW\Output\3_FixSqlCode\RPT_DWH\Tables","1","Table","dbo","rpt","UVW_DIM_PRODUCT_TYPE","","DROP","","dbo_UVW_DIM_PRODUCT_TYPE.dsql"
"1","synapse-demo-amirskiy.sql.azuresynapse.net","Dixons","C:\APS2SQLDW\Output\3_FixSqlCode\RPT_DWH\Tables","1","Table","dbo","rpt","UVW_DIM_PROD_CURRENT","","DROP","","dbo_UVW_DIM_PROD_CURRENT.dsql"
"1","synapse-demo-amirskiy.sql.azuresynapse.net","Dixons","C:\APS2SQLDW\Output\3_FixSqlCode\RPT_DWH\Tables","1","Table","dbo","rpt","UVW_DIM_PROD_FLAT","","DROP","","dbo_UVW_DIM_PROD_FLAT.dsql"
"1","synapse-demo-amirskiy.sql.azuresynapse.net","Dixons","C:\APS2SQLDW\Output\3_FixSqlCode\RPT_DWH\Tables","1","Table","dbo","rpt","UVW_DIM_PROD_FLAT_CURRENT","","DROP","","dbo_UVW_DIM_PROD_FLAT_CURRENT.dsql"
"1","synapse-demo-amirskiy.sql.azuresynapse.net","Dixons","C:\APS2SQLDW\Output\3_FixSqlCode\RPT_DWH\Tables","1","Table","dbo","rpt","UVW_DIM_SUB_CATEGORY_1","","DROP","","dbo_UVW_DIM_SUB_CATEGORY_1.dsql"
"1","synapse-demo-amirskiy.sql.azuresynapse.net","Dixons","C:\APS2SQLDW\Output\3_FixSqlCode\RPT_DWH\Tables","1","Table","dbo","rpt","UVW_DIM_SUB_CATEGORY_1_CURRENT","","DROP","","dbo_UVW_DIM_SUB_CATEGORY_1_CURRENT.dsql"
"1","synapse-demo-amirskiy.sql.azuresynapse.net","Dixons","C:\APS2SQLDW\Output\3_FixSqlCode\RPT_DWH\Tables","1","Table","dbo","rpt","UVW_DIM_SUB_CATEGORY_2","","DROP","","dbo_UVW_DIM_SUB_CATEGORY_2.dsql"
"1","synapse-demo-amirskiy.sql.azuresynapse.net","Dixons","C:\APS2SQLDW\Output\3_FixSqlCode\RPT_DWH\Tables","1","Table","dbo","rpt","UVW_DIM_SUB_CATEGORY_2_CURRENT","","DROP","","dbo_UVW_DIM_SUB_CATEGORY_2_CURRENT.dsql"
"1","synapse-demo-amirskiy.sql.azuresynapse.net","Dixons","C:\APS2SQLDW\Output\3_FixSqlCode\RPT_DWH\Tables","1","Table","dbo","rpt","UVW_DIM_SUB_PLANNING_GROUP","","DROP","","dbo_UVW_DIM_SUB_PLANNING_GROUP.dsql"
"1","synapse-demo-amirskiy.sql.azuresynapse.net","Dixons","C:\APS2SQLDW\Output\3_FixSqlCode\RPT_DWH\Tables","1","Table","dbo","rpt","UVW_DIM_SUB_PLANNING_GROUP_CURRENT","","DROP","","dbo_UVW_DIM_SUB_PLANNING_GROUP_CURRENT.dsql"
"1","synapse-demo-amirskiy.sql.azuresynapse.net","Dixons","C:\APS2SQLDW\Output\3_FixSqlCode\RPT_DWH\Tables","1","Table","dbo","rpt","UVW_DIM_SUPPLIER","","DROP","","dbo_UVW_DIM_SUPPLIER.dsql"
"1","synapse-demo-amirskiy.sql.azuresynapse.net","Dixons","C:\APS2SQLDW\Output\3_FixSqlCode\RPT_DWH\Tables","1","Table","dbo","rpt","UVW_FACT_AVAILABILITY_STOCK_LAST_8_DAYS","","DROP","","dbo_UVW_FACT_AVAILABILITY_STOCK_LAST_8_DAYS.dsql"
"1","synapse-demo-amirskiy.sql.azuresynapse.net","Dixons","C:\APS2SQLDW\Output\3_FixSqlCode\RPT_DWH\Tables","1","Table","dbo","rpt","uvw_fact_bad_stock","","DROP","","dbo_uvw_fact_bad_stock.dsql"
"1","synapse-demo-amirskiy.sql.azuresynapse.net","Dixons","C:\APS2SQLDW\Output\3_FixSqlCode\RPT_DWH\Tables","1","Table","dbo","rpt","UVW_FACT_BUDGET","","DROP","","dbo_UVW_FACT_BUDGET.dsql"
"1","synapse-demo-amirskiy.sql.azuresynapse.net","Dixons","C:\APS2SQLDW\Output\3_FixSqlCode\RPT_DWH\Tables","1","Table","dbo","rpt","UVW_FACT_CSP_AP_NUMBER_OF_RANGED_WEEKS_CURRENT_PHASE","","DROP","","dbo_UVW_FACT_CSP_AP_NUMBER_OF_RANGED_WEEKS_CURRENT_PHASE.dsql"
"1","synapse-demo-amirskiy.sql.azuresynapse.net","Dixons","C:\APS2SQLDW\Output\3_FixSqlCode\RPT_DWH\Tables","1","Table","dbo","rpt","UVW_FACT_CSP_AP_RANGE_CURRENT_2_WEEKS","","DROP","","dbo_UVW_FACT_CSP_AP_RANGE_CURRENT_2_WEEKS.dsql"
"1","synapse-demo-amirskiy.sql.azuresynapse.net","Dixons","C:\APS2SQLDW\Output\3_FixSqlCode\RPT_DWH\Tables","1","Table","dbo","rpt","UVW_FACT_CSP_EP_SALES_LAST_4_WEEKS","","DROP","","dbo_UVW_FACT_CSP_EP_SALES_LAST_4_WEEKS.dsql"
"1","synapse-demo-amirskiy.sql.azuresynapse.net","Dixons","C:\APS2SQLDW\Output\3_FixSqlCode\RPT_DWH\Tables","1","Table","dbo","rpt","UVW_FACT_EXCHANGE_RATE","","DROP","","dbo_UVW_FACT_EXCHANGE_RATE.dsql"
"1","synapse-demo-amirskiy.sql.azuresynapse.net","Dixons","C:\APS2SQLDW\Output\3_FixSqlCode\RPT_DWH\Tables","1","Table","dbo","rpt","UVW_FACT_FORECASTED_INTAKE_AND_STOCK_OH_CURRENT_8_WEEKS","","DROP","","dbo_UVW_FACT_FORECASTED_INTAKE_AND_STOCK_OH_CURRENT_8_WEEKS.dsql"
"1","synapse-demo-amirskiy.sql.azuresynapse.net","Dixons","C:\APS2SQLDW\Output\3_FixSqlCode\RPT_DWH\Tables","1","Table","dbo","rpt","UVW_FACT_NEMO_ORDERS_YESTERDAY","","DROP","","dbo_UVW_FACT_NEMO_ORDERS_YESTERDAY.dsql"
"1","synapse-demo-amirskiy.sql.azuresynapse.net","Dixons","C:\APS2SQLDW\Output\3_FixSqlCode\RPT_DWH\Tables","1","Table","dbo","rpt","UVW_FACT_PRODUCT_COST_CENTRE_RANGE","","DROP","","dbo_UVW_FACT_PRODUCT_COST_CENTRE_RANGE.dsql"
"1","synapse-demo-amirskiy.sql.azuresynapse.net","Dixons","C:\APS2SQLDW\Output\3_FixSqlCode\RPT_DWH\Tables","1","Table","dbo","rpt","UVW_FACT_PRODUCT_PRICE_LIST_CURRENT","","DROP","","dbo_UVW_FACT_PRODUCT_PRICE_LIST_CURRENT.dsql"
"1","synapse-demo-amirskiy.sql.azuresynapse.net","Dixons","C:\APS2SQLDW\Output\3_FixSqlCode\RPT_DWH\Tables","1","Table","dbo","rpt","UVW_FACT_PROMOTIONS","","DROP","","dbo_UVW_FACT_PROMOTIONS.dsql"
"1","synapse-demo-amirskiy.sql.azuresynapse.net","Dixons","C:\APS2SQLDW\Output\3_FixSqlCode\RPT_DWH\Tables","1","Table","dbo","rpt","UVW_FACT_PURCHASE_ORDERS_BOOKINGS_DELIVERIES","","DROP","","dbo_UVW_FACT_PURCHASE_ORDERS_BOOKINGS_DELIVERIES.dsql"
"1","synapse-demo-amirskiy.sql.azuresynapse.net","Dixons","C:\APS2SQLDW\Output\3_FixSqlCode\RPT_DWH\Tables","1","Table","dbo","rpt","UVW_FACT_SALES_LAST_2_RETAIL_PERIODS","","DROP","","dbo_UVW_FACT_SALES_LAST_2_RETAIL_PERIODS.dsql"
"1","synapse-demo-amirskiy.sql.azuresynapse.net","Dixons","C:\APS2SQLDW\Output\3_FixSqlCode\RPT_DWH\Tables","1","Table","dbo","rpt","UVW_FACT_SALES_WTDLY","","DROP","","dbo_UVW_FACT_SALES_WTDLY.dsql"
"1","synapse-demo-amirskiy.sql.azuresynapse.net","Dixons","C:\APS2SQLDW\Output\3_FixSqlCode\RPT_DWH\Tables","1","Table","dbo","rpt","UVW_FACT_STOCK_LAST_3_EOW","","DROP","","dbo_UVW_FACT_STOCK_LAST_3_EOW.dsql"
"1","synapse-demo-amirskiy.sql.azuresynapse.net","Dixons","C:\APS2SQLDW\Output\3_FixSqlCode\RPT_DWH\Tables","1","Table","dbo","rpt","UVW_FACT_STOCK_LAST_7_DAYS","","DROP","","dbo_UVW_FACT_STOCK_LAST_7_DAYS.dsql"
"1","synapse-demo-amirskiy.sql.azuresynapse.net","Dixons","C:\APS2SQLDW\Output\3_FixSqlCode\RPT_DWH\Tables","1","Table","dbo","rpt","YANTRA_FO","","DROP","","dbo_YANTRA_FO.dsql"
"1","synapse-demo-amirskiy.sql.azuresynapse.net","Dixons","C:\APS2SQLDW\Output\3_FixSqlCode\RPT_DWH\Tables","1","Table","dbo","rpt","YANTRA_FORWARD_ORDER_HEADERS","","DROP","","dbo_YANTRA_FORWARD_ORDER_HEADERS.dsql"
"1","synapse-demo-amirskiy.sql.azuresynapse.net","Dixons","C:\APS2SQLDW\Output\3_FixSqlCode\RPT_DWH\Tables","1","Table","dbo","rpt","YANTRA_FORWARD_ORDER_LINES","","DROP","","dbo_YANTRA_FORWARD_ORDER_LINES.dsql"
